d1=0.5219340589994724
d2=0.1605255016731452
d3=5.247787974440636e-15
g=9.81
ic11=0.035272799919125901
ic12=0.0
ic22=0.066115023902799996
ic23=0.0
ic31=0.0044119064012539989
ic33=0.044404775610374099
id11=0.0072443572173
id22=0.0102105250726
id33=0.0072443572173
ie11=0.051226082698644981
ie12=0.0
ie22=0.043900345328400002
ie23=0.0
ie31=0.00089591088566846671
ie33=0.011895922717455017
if11=0.00852488210998
if22=0.013452246536
if33=0.00852488210998
ig11=0.00534374597494
ig22=0.00859468021442
l1=0.2533881201842794
l2=-0.048068070507565064
l3=0.01927316993475353
l4=-0.30743612278494253
mc=3.03906888
md=1.54221406
me=1.36077711
mf=1.40613635
mg=3.0390688
rf=0.147240789156
rr=0.150067927608
