d1=0.521934058999
d2=0.160525501673
d3=5.24778797444e-15
g=9.81
ic11=0.844047309673
ic12=0.0
ic22=0.919659350575
ic23=0.0
ic31=0.120262519773
ic33=0.19978486096
id11=0.0072443572173
id22=0.0102105250726
id33=0.0072443572173
ie11=0.0512260826986
ie12=0.0
ie22=0.0439003453284
ie23=0.0
ie31=0.000895910885668
ie33=0.0118959227175
if11=0.00852488210998
if22=0.013452246536
if33=0.00852488210998
ig11=0.00534374597494
ig22=0.00859468021442
l1=0.31752109098
l2=-0.299684967462
l3=0.0192731699348
l4=-0.307436122785
mc=21.99906888
md=1.54221406
me=1.36077711
mf=1.40613635
mg=3.0390688
rf=0.147240789156
rr=0.150067927608
